000861
000021
000787
000729
000301
000403
000686
001120
000369
001073
000634
001323
000407
000589
001310
000900
000897
000281
000610
000681
000509
001182
000101
000205
000910
000798
000133
000354
001263
000728
000877
000539
000404
000958
000422
000054
000840
000160
000027
001159
000270
001098
000937
000004
000410
000766
000305
000009
000567
000069
000424
000776
000099
000522
000246
000616
000810
000979
001252
000378
001320
000461
000348
000470
001012
000384
000751
000161
000894
000802
000836
000220
000725
000903
000418
000400
000189
000475
000388
000884
001081
000236
000026
000721
000113
000750
000193
000592
001158
000882
001191
000941
001218
000496
001275
000083
000782
000445
001177
000304
000503
000458
001164
001256
000880
001110
000885
000512
000665
000299
000230
000757
000588
000693
001140
000942
000307
001178
001186
001167
000568
000891
000067
001129
000234
000387
000462
000169
000926
000451
000982
000437
001301
001117
000432
001152
001087
001088
000302
001312
000010
000820
000085
001115
000573
000231
000998
000856
000906
001257
000273
000460
000195
000709
000912
001135
000620
001066
000395
000088
000684
000052
001296
000907
000974
000162
000352
000797
000606
000309
001137
000890
000955
001175
000103
000176
000886
000157
001090
000801
001038
001053
000399
001302
000156
000548
001094
000743
000229
000639
000339
000308
000414
000128
000385
000997
000963
001003
001299
001246
000310
001085
000499
001036
001248
001204
000075
001151
001196
000873
001208
000978
000947
000805
000032
000722
001084
000868
000023
000791
000825
001201
001212
000466
000527
001272
001242
001231
000435
001266
000642
000353
000762
000991
000826
000267
000946
000121
000043
000227
001244
001157
000430
000282
000839
000473
001154
001043
000888
000733
001124
000556
001148
001290
000789
000332
000821
001109
000566
001100
000152
000115
000911
000260
001205
000275
000670
000377
000171
000338
000391
000780
001203
000393
000862
000350
000973
001061
000899
000520
000485
000166
001286
001047
000442
000914
000691
001079
000049
001197
000390
000784
000612
000720
001118
000844
000682
001099
000081
000656
000655
000996
000785
000583
000712
000318
001295
001097
000746
000367
000225
001230
000925
001166
000217
000577
000695
000921
000040
000266
000683
001289
001206
000951
000641
001027
000005
000703
000995
000869
000065
000526
001123
000208
000037
001172
000002
001041
000771
000931
000373
000100
001108
000983
001238
000562
000561
000336
000145
001232
001285
000276
000477
000618
000382
000759
000552
001102
000774
000364
000813
001014
000292
000672
001091
000838
000396
000657
000247
000383
000989
000545
000077
001277
001170
000767
000008
000398
000370
000431
000698
000531
000278
000194
000893
001215
000513
000768
001243
000901
000429
000055
001228
000125
000017
000570
000736
001202
001104
001128
001093
000609
000007
000016
000284
001192
001010
000940
000420
001214
000547
000627
000254
000928
000571
001076
000908
001264
001259
000294
000501
000481
000738
000807
000109
001321
000857
000279
001300
001316
000168
000549
001017
000701
000630
000761
000823
001297
000011
000108
000453
000439
001028
000289
000321
000763
001293
001189
000673
000472
000671
001283
000251
001048
000574
000223
001126
000376
001062
000775
000687
000323
000806
001011
000674
000300
001138
000777
000117
000173
000480
000654
000532
001127
000039
000752
000165
000994
000608
000576
001314
000764
000474
000129
000261
000598
000852
001317
000029
000118
000433
000875
000025
000197
000091
000434
000312
000635
000749
000822
001111
000483
000459
001046
000035
000599
000579
001064
000648
000089
000238
000325
000923
000985
001049
001150
000726
000482
000887
000945
000351
000030
001007
000177
000515
000615
000048
000218
000341
001001
000476
000092
000957
000126
001224
000795
000058
000519
000283
000533
001258
000337
000063
000613
000965
001019
000842
000178
000716
000050
001287
001278
000646
000343
001199
000930
001083
000286
000179
000293
000949
000059
000972
000122
000328
000057
001239
000389
000781
000408
001056
000741
000968
001033
000295
001160
000536
000119
000734
000226
000471
000355
000569
000851
000375
001216
001071
001153
000909
001025
001022
000184
000463
000180
000456
001253
000667
000902
000506
000660
000464
000411
001065
000486
000984
001009
001030
000943
000033
000516
000948
000837
000450
000636
001220
000565
000724
000889
000645
001226
001139
000975
000342
000096
000330
000448
001161
000484
000748
000990
000971
000602
000436
001051
000345
001271
001146
000572
000136
000356
000131
000739
000690
000038
000543
000111
000593
000803
001103
000999
001209
001165
001288
001037
000922
000732
000537
000847
000905
000174
000872
000428
000167
000221
000060
000493
000933
000272
001074
001309
000123
000976
000927
001060
000098
000692
000916
000500
000298
000581
000786
001004
000892
000632
001318
000187
000819
000386
000895
000143
001042
000296
001194
000443
000076
000137
000864
000183
001298
000713
000584
000843
001034
000413
000740
000845
001149
000929
001013
001327
000148
000919
001211
000534
000214
000256
000438
001134
001142
000239
000643
001070
001255
000876
000954
000335
000497
000394
001185
001282
001018
000904
000358
000772
000742
000159
000186
000253
000228
000072
000409
000192
000207
000241
001075
000494
000044
000717
000710
000249
000694
001063
000291
000800
000259
001147
000242
000490
000329
000623
001145
000601
001222
000559
001162
000944
001072
000269
000188
000361
001024
000243
000913
001183
000024
000237
000980
000596
000090
000068
000360
000349
000970
001006
001114
000883
000175
000322
001265
000106
001190
000730
000560
000245
000366
000755
000938
000960
000950
000600
000140
000215
000080
000153
000680
001322
000871
001125
000595
001026
000381
000203
001261
000334
000138
001068
000135
000932
000961
000311
000263
000082
001276
001241
000867
000689
000255
001313
000859
000045
000523
000147
001308
000715
000778
000832
001223
001008
000858
000992
001023
000604
000277
000804
000130
000164
000969
001089
000401
000317
000614
001067
000769
000097
000397
000723
000003
001101
000651
000521
000678
001058
000333
000297
000828
001069
000799
000441
000374
000866
000344
001291
000578
000190
000988
000793
000879
001184
000824
000664
001225
000455
001267
000831
000124
000204
001057
000669
001249
000564
000896
000488
001020
000514
000487
000773
000658
000405
000585
000313
000827
001270
000368
000379
000849
000792
001213
000454
000013
000936
000711
000170
001132
000417
001303
000012
001044
000392
000182
000812
000529
000210
000288
001121
000290
000707
001106
000541
000492
000814
000144
000697
000935
000222
001221
000920
000380
000637
000605
001107
000765
000066
000498
000624
000967
000444
000855
000415
000517
000469
000622
000491
000644
000554
001096
000200
000105
000146
000320
000074
000006
000818
001015
001181
000863
000555
000042
000617
000051
000213
000134
000141
001016
000962
001002
001005
000528
000650
000257
000489
000952
001193
001029
000206
000036
000829
000993
000357
001054
000550
000110
000611
000760
000087
000756
001086
000280
000285
000619
001188
001237
000340
000070
000155
000359
000120
001052
000917
000770
000449
000747
000835
000018
000745
000015
001250
000874
000706
000061
000854
000702
001095
001171
001254
000870
000718
000841
001198
000964
000878
000274
001326
000790
000591
000881
000022
000688
001195
000621
001207
001311
000347
000303
001325
000084
001315
000114
000447
000316
000934
000191
001245
000252
001169
000699
000314
000468
001187
000446
000248
001247
